Times for grafo_1:
[ 0.0524489, 0.0527195, 0.052075, 0.050923, 0.0519454, 0.0519101, 0.0520016, 0.0509938, 0.0509992, 0.0500858, 0.052488, 0.0512413, 0.0520832, 0.0520557, 0.0521017, 0.0521519, 0.0560099, 0.0519971, 0.052996, 0.0516269, 0.0520092, 0.0507365, 0.0511962, 0.0520995, 0.0518411, 0.0519932, 0.0541378, 0.0531554, 0.0530016, 0.0520023, 0.0520836, 0.0519937, 0.0561057, 0.0542555, 0.0530946, 0.0590795, 0.0511472, 0.0509945, 0.0560019, 0.0536453, 0.0510815, 0.0521419, 0.0519949, 0.0557478, 0.0528642, 0.0510733, 0.0513493, 0.0510717, 0.0519302, 0.0534752, 0.0556077, 0.0519159, 0.050807, 0.0536558, 0.0547624, 0.0521481, 0.0550451, 0.0530002, 0.0540076, 0.0519921, 0.0513796, 0.0529932, 0.0517913, 0.0572935, 0.0600019, 0.054007, 0.0520009, 0.0539926, 0.0570014, 0.0590069, 0.0599957, 0.0532651, 0.0562784, 0.052001, 0.0520027, 0.0525781, 0.0509927, 0.0537923, 0.0529939, 0.0530105, 0.052038, 0.0519558, 0.0516421, 0.0533271, 0.0521878, 0.0528737, 0.0523527, 0.0500508, 0.0519504, 0.0520009, 0.0520007, 0.0565095, 0.052997, 0.0548207, 0.0549385, 0.0530065, 0.0513281, 0.0527257, 0.0514514, 0.0517359 ]
Mean: 0.0529537 seconds
Standard Deviation: 0.00202387 seconds

Times for grafo_2:
[ 0.6513, 0.319877, 0.642822, 0.638824, 0.640977, 0.64823, 0.318019, 0.319556, 0.319686, 0.321395, 0.322418, 0.0790865, 0.657061, 0.159571, 0.650184, 0.0770721, 0.3177, 0.645127, 0.641129, 0.15524, 0.318495, 0.645796, 0.646818, 0.160679, 0.0789193, 0.315548, 0.653288, 0.157491, 0.320125, 0.0787353, 0.32019, 0.0050104, 0.646524, 0.318289, 0.162117, 0.642006, 0.643451, 0.642975, 0.640364, 0.645409, 0.320592, 0.318208, 0.0391834, 0.321007, 0.160302, 0.64952, 0.158914, 0.64342, 0.649926, 0.645491, 0.643397, 0.323872, 0.640348, 0.642164, 0.654513, 0.673597, 0.662192, 0.0810668, 0.693439, 0.0803185, 0.161342, 0.335792, 0.680433, 0.0819992, 0.244059, 0.735685, 0.692553, 0.665692, 0.159177, 0.676897, 0.651331, 0.662327, 0.322908, 0.162094, 0.65506, 0.650608, 0.650318, 0.336132, 0.321883, 0.657564, 0.656531, 0.0410004, 0.658119, 0.322191, 0.161085, 0.654493, 0.656587, 0.649591, 0.650459, 0.651874, 0.664795, 0.0809285, 0.160589, 0.159134, 0.321472, 0.320016, 0.322066, 0.649795, 0.651515, 0.648199 ]
Mean: 0.441533 seconds
Standard Deviation: 0.230404 seconds

Times for grafo_3:
[ 54.3417, 30.0447, 60.8482, 51.8845, 48.6273, 49.3703, 48.6006, 29.8379, 59.2683, 29.9333, 59.0537, 48.4789, 47.7943, 47.5531, 47.4752, 47.3049, 47.3083, 47.4941, 47.5661, 47.8292, 29.006, 59.7345, 51.2234, 32.5738, 60.9477, 52.2169, 31.829, 61.5122, 28.091, 59.6166, 29.7749, 60.5643, 51.7133, 51.8303, 48.9134, 48.1814, 31.0083, 24.1422, 23.8505, 23.8219, 59.3621, 27.254, 24.0988, 56.7821, 49.7714, 49.188, 48.3855, 32.1018, 59.7583, 28.0045, 57.1853, 48.9041, 48.2405, 47.9286, 47.8114, 47.9272, 48.0457, 47.8183, 47.7092, 47.7516, 47.6873, 47.6513, 29.8601, 23.9659, 58.8151, 26.9953, 24.1187, 58.7604, 49.3174, 31.3106, 24.3353, 59.251, 51.3691, 31.7166, 24.0954, 59.8122, 51.5482, 48.1611, 47.8532, 47.7222, 47.625, 29.65, 59.3858, 50.8089, 48.0703, 32.3448, 58.362, 49.1209, 47.6755, 34.654, 58.5823, 50.8305, 48.1956, 47.9844, 47.9747, 47.8862, 32.0447, 24.1965, 23.8234, 57.466 ]
Mean: 44.7622 seconds
Standard Deviation: 11.6988 seconds

Times for grafo_4:
[ 68.7679, 34.3272, 25.1816, 24.1076, 24.1757, 69.4971, 32.5649, 24.3527, 67.2606, 34.9412, 65.9026, 34.9742, 68.7366, 35.4043, 24.6219, 24.2326, 67.1749, 53.676, 50.055, 48.347, 38.3235, 68.1926, 53.5566, 36.9471, 68.0918, 49.401, 49.3293, 37.5298, 67.4473, 34.9257, 66.8634, 51.7519, 35.8252, 24.6072, 67.5216, 35.07, 68.0211, 52.2251, 55.1692, 52.8513, 55.3132, 52.3921, 49.3204, 50.523, 52.1867, 51.8507, 37.7374, 69.3654, 52.546, 51.6438, 52.472, 51.5207, 52.1219, 37.3078, 70.0887, 52.1529, 36.9784, 68.5621, 52.3838, 36.4082, 68.6424, 49.7696, 49.8593, 50.7539, 51.9839, 51.3097, 49.984, 51.3126, 50.7447, 39.6866, 24.1336, 68.937, 50.8259, 48.1939, 47.6339, 47.9751, 38.4147, 69.213, 34.7402, 66.4932, 52.7995, 52.1724, 36.1748, 24.2023, 69.2662, 55.4596, 36.8626, 68.2383, 52.5253, 48.8109, 41.2662, 69.5672, 34.306, 68.3825, 51.1577, 48.1476, 41.7066, 68.9746, 53.8319, 49.2142 ]
Mean: 49.585 seconds
Standard Deviation: 13.5674 seconds

