Times for grafo_1:
[ 0.0009937, 0.001001, 0.0010019, 0.0010202, 0.000987, 0.0009908, 0.0009992, 0.0020283, 0.0019762, 0.0010055, 0.0009997, 0.0010012, 0.0009881, 0.0010061, 0.0010054, 0.0009995, 0.0009915, 0.001015, 0.000989, 0.0009982, 0.0010013, 0.0019995, 0.0009885, 0.0009329, 0.0010064, 0.0009908, 0.001119, 0.0010171, 0.000991, 0.0010078, 0.0010011, 0.001, 0.0009911, 0.001, 0.0009999, 0.0010072, 0.0010005, 0.0010018, 0.0009986, 0.0009996, 0.0009998, 0, 0.0010005, 0.0009999, 0.0009917, 0.0010074, 0.0010003, 0.0010017, 0.0009984, 0.001, 0.0010023, 0.0009978, 0.0009998, 0, 0.0010005, 0.0009999, 0.0010088, 0.0009873, 0.0009998, 0, 0.0010039, 0.0010003, 0.0009959, 0.0010036, 0.0010006, 0.0009997, 0, 0.0009998, 0.0020009, 0.0009999, 0, 0.0009995, 0.001, 0.001, 0.0009999, 0.0010008, 0, 0.0009995, 0.0010017, 0.0010006, 0.0009979, 0.0010003, 0.0010001, 0, 0.0009989, 0.0010037, 0.0009914, 0.0010023, 0.0010054, 0.0009996, 0.0009985, 0.0009996, 0, 0.0010012, 0.0010004, 0.0010002, 0.0009903, 0.0010061, 0.0010049, 0.0009891 ]
Mean: 0.00096044 seconds
Standard Deviation: 0.000344621 seconds

Times for grafo_2:
[ 0.008162, 0.0029147, 0.0100081, 0.0099918, 0.0090078, 0.0079992, 0.0019996, 0.002, 0.0020003, 0.0019998, 0.0019927, 0, 0.0080072, 0.0009999, 0.0070046, 0.0009997, 0.0019885, 0.0069995, 0.0080076, 0, 0.0019926, 0.0080081, 0.0080022, 0.0009977, 0, 0.0019996, 0.0080001, 0, 0.002999, 0, 0.0020013, 0, 0.0079999, 0.0020016, 0, 0.0079998, 0.0079992, 0.006999, 0.0070001, 0.0070001, 0.003, 0.0019998, 0, 0.0020017, 0, 0.009999, 0, 0.0079995, 0.0080001, 0.0069997, 0.0080002, 0.0019924, 0.0080081, 0.0069994, 0.007, 0.0079999, 0.0070002, 0.0010003, 0.0075998, 0.0002696, 0.000603, 0.001782, 0.0090137, 0, 0.0010004, 0.0069998, 0.0080047, 0.0069952, 0, 0.008, 0.008, 0.0069995, 0.0020004, 0.0010001, 0.007, 0.008, 0.0069997, 0.0020003, 0.0019997, 0.0080008, 0.0069994, 0, 0.0090001, 0.002, 0.0010038, 0.0079959, 0.0090741, 0.0079945, 0.0070017, 0.0079313, 0.0079989, 0, 0.0010008, 0, 0.0019991, 0.002, 0.0020048, 0.0079873, 0.0070078, 0.0079997 ]
Mean: 0.00460351 seconds
Standard Deviation: 0.00343663 seconds

Times for grafo_3:
[ 0.0350854, 0.0179333, 0.0239845, 0.018028, 0.0189415, 0.0201466, 0.0199251, 0.0080694, 0.0170064, 0.0079921, 0.0170223, 0.0179869, 0.0199921, 0.0220057, 0.0179946, 0.0170074, 0.0180114, 0.0179822, 0.0210042, 0.0169997, 0.0090059, 0.019794, 0.0200614, 0.0114566, 0.0209907, 0.0180033, 0.0079955, 0.018012, 0.0079902, 0.0180013, 0.0079987, 0.0169995, 0.0189977, 0.0180077, 0.0189969, 0.0175212, 0.0079951, 0.007005, 0.0079976, 0.006995, 0.0180038, 0.0080061, 0.0079958, 0.0169971, 0.0179997, 0.0170036, 0.0180117, 0.0089942, 0.017993, 0.0080138, 0.0169864, 0.0190027, 0.023992, 0.0204632, 0.0180017, 0.0170004, 0.0179935, 0.0223852, 0.0191727, 0.0189212, 0.0185933, 0.0179924, 0.0080027, 0.0069948, 0.0180088, 0.0089939, 0.0070033, 0.0180221, 0.0189855, 0.0079945, 0.0089937, 0.017012, 0.0169893, 0.0080049, 0.0079967, 0.0170025, 0.0170049, 0.0187068, 0.0179985, 0.0190051, 0.0180003, 0.0079584, 0.0210409, 0.0179983, 0.0170024, 0.0083472, 0.017999, 0.0160007, 0.0189961, 0.0080011, 0.0181814, 0.0180746, 0.0180004, 0.0169996, 0.0180004, 0.0170013, 0.0080049, 0.0079934, 0.0090061, 0.0189988 ]
Mean: 0.0156679 seconds
Standard Deviation: 0.00525752 seconds

Times for grafo_4:
[ 0.107329, 0.0306032, 0.028, 0.0270719, 0.0269983, 0.0960035, 0.0320001, 0.0320024, 0.110997, 0.0310021, 0.0962959, 0.0279956, 0.0909999, 0.0270004, 0.0260025, 0.0260062, 0.0933133, 0.0967401, 0.0921808, 0.0899196, 0.0288389, 0.0906934, 0.0908361, 0.0279905, 0.091001, 0.0899996, 0.0909973, 0.0270042, 0.0900239, 0.0279735, 0.0930082, 0.108188, 0.0280153, 0.0259986, 0.090003, 0.0279963, 0.103997, 0.104003, 0.101001, 0.0904575, 0.0940027, 0.111006, 0.0998678, 0.0981803, 0.0922223, 0.0930002, 0.0270027, 0.0934898, 0.0914453, 0.0920699, 0.0925389, 0.0925398, 0.0960752, 0.0299949, 0.10337, 0.106377, 0.0309987, 0.0910074, 0.0929998, 0.0269998, 0.0900033, 0.089997, 0.0900004, 0.0909997, 0.0900006, 0.091, 0.0919991, 0.0930014, 0.094451, 0.029494, 0.0260042, 0.0945921, 0.0959615, 0.10673, 0.104122, 0.0909914, 0.027013, 0.0929951, 0.0269934, 0.0910069, 0.088999, 0.0921607, 0.0301283, 0.0286745, 0.0916621, 0.0920057, 0.0270024, 0.093587, 0.0910004, 0.092017, 0.0280074, 0.0958057, 0.0280093, 0.0910602, 0.091767, 0.0922831, 0.0325177, 0.102254, 0.0929999, 0.104111 ]
Mean: 0.0736509 seconds
Standard Deviation: 0.0314477 seconds

Times for grafo_5:
[ 0.068075, 0.0603081, 0.627001, 0.271923, 0.278129, 0.622418, 0.622994, 0.270626, 0.12199, 0.270493, 0.624998, 0.610018, 0.274999, 0.618276, 0.0300083, 0.268995, 0.125002, 0.617439, 0.276, 0.613912, 0.619152, 0.620004, 0.271486, 0.124995, 0.618998, 0.622703, 0.623004, 0.623169, 0.621994, 0.271003, 0.12399, 0.620162, 0.123986, 0.269998, 0.269996, 0.618939, 0.0309924, 0.631009, 0.616977, 0.269994, 0.272996, 0.121999, 0.271011, 0.621501, 0.617988, 0.619193, 0.0590035, 0.270997, 0.0579938, 0.621007, 0.61438, 0.621998, 0.270937, 0.619997, 0.615016, 0.623185, 0.625, 0.618127, 0.619006, 0.273648, 0.619011, 0.611983, 0.277058, 0.268998, 0.123019, 0.619979, 0.123007, 0.121714, 0.617001, 0.0669922, 0.616294, 0.273162, 0.617997, 0.270004, 0.627379, 0.270995, 0.615996, 0.0300114, 0.605125, 0.281001, 0.26934, 0.123994, 0.0300026, 0.271023, 0.620111, 0.621635, 0.117987, 0.267008, 0.270004, 0.607998, 0.61855, 0.613598, 0.621654, 0.626872, 0.609695, 0.271991, 0.273032, 0.0299738, 0.618248, 0.271998 ]
Mean: 0.403126 seconds
Standard Deviation: 0.222352 seconds

Times for grafo_6:
[ 1.80173, 1.00902, 0.0300004, 0.401111, 0.398001, 0.0660079, 1.02222, 1.01263, 0.0674444, 0.999959, 0.397205, 1.01936, 0.396879, 0.397636, 0.0684759, 0.394357, 0.0679185, 0.388732, 0.385518, 0.162774, 1.00753, 1.00388, 0.396818, 1.0255, 1.00173, 0.163635, 0.998184, 1.00123, 0.999654, 1.01473, 1.0085, 1.02415, 0.0684355, 1.03188, 0.395275, 1.05583, 1.03162, 1.01326, 0.160541, 1, 1.00503, 0.999709, 0.998816, 0.999203, 0.0680118, 1.01635, 0.404037, 1.01683, 1.01599, 0.999493, 0.15992, 0.0670722, 0.159, 1.00302, 0.392361, 1.00312, 1.00901, 0.032074, 0.398695, 1.01699, 1.01418, 0.0679971, 0.0690804, 0.395077, 1.01233, 1.03623, 0.397723, 1.01275, 1.002, 0.160965, 0.163993, 1.0165, 1.00045, 1.01255, 0.393605, 0.396922, 0.15999, 1.008, 0.155309, 0.3901, 0.157996, 1.00761, 0.396993, 1.01506, 0.067923, 1.05427, 0.161998, 0.029009, 1.01766, 1.00468, 0.395469, 1.00256, 0.0299222, 1.007, 1.00487, 1.00123, 0.396103, 0.394904, 0.159999, 1.01021 ]
Mean: 0.648353 seconds
Standard Deviation: 0.415175 seconds

