Times for grafo_1:
[ 0.0598488, 0.061093, 0.0609988, 0.0589089, 0.0599917, 0.0609656, 0.0601215, 0.0592036, 0.0599997, 0.0581001, 0.0581219, 0.057983, 0.0599046, 0.0583166, 0.0599026, 0.0600041, 0.0589983, 0.0589974, 0.0637093, 0.0661011, 0.0691761, 0.0639963, 0.0611004, 0.0611567, 0.0592081, 0.0589956, 0.0589977, 0.0589985, 0.0609989, 0.0593938, 0.0615551, 0.0601487, 0.0604019, 0.0589073, 0.0599995, 0.0560945, 0.0578434, 0.0591164, 0.0599281, 0.0590021, 0.0600202, 0.0599825, 0.0599964, 0.0589775, 0.0606816, 0.0590068, 0.0569968, 0.058995, 0.0569436, 0.0589971, 0.0590975, 0.0589634, 0.0590333, 0.058011, 0.0599551, 0.060003, 0.0602006, 0.0597173, 0.0600131, 0.0579947, 0.057002, 0.0599962, 0.0609991, 0.0589978, 0.0610042, 0.0600028, 0.0599916, 0.0600372, 0.0609679, 0.0591564, 0.060003, 0.0589939, 0.0600138, 0.0609895, 0.0600112, 0.0609855, 0.0600327, 0.0605908, 0.0589698, 0.060001, 0.0599957, 0.0610498, 0.0600021, 0.0600437, 0.05895, 0.060088, 0.0599942, 0.0609984, 0.0600072, 0.0599952, 0.0601206, 0.0588785, 0.0612872, 0.0590047, 0.0609979, 0.0590331, 0.0610023, 0.059004, 0.0609993, 0.0588983 ]
Mean: 0.0598897 seconds
Standard Deviation: 0.00164049 seconds

Times for grafo_2:
[ 2.16969, 0.660492, 2.15137, 2.13326, 2.13823, 2.13354, 0.668577, 0.657715, 0.682357, 0.679001, 0.67198, 0.115999, 2.15138, 0.251999, 2.13555, 0.115993, 0.663136, 2.14493, 2.14244, 0.253994, 0.67466, 2.17787, 2.15149, 0.255972, 0.115996, 0.665157, 2.14668, 0.25201, 0.653149, 0.112998, 0.675014, 0.006001, 2.14637, 0.665006, 0.257311, 2.1438, 2.15514, 2.15179, 2.15202, 2.15445, 0.667003, 0.662378, 0.0549371, 0.663067, 0.253997, 2.151, 0.255555, 2.14557, 2.15416, 2.14651, 2.14337, 0.661831, 2.14199, 2.13465, 2.14175, 2.13754, 2.15357, 0.116013, 2.13779, 0.114011, 0.253165, 0.665244, 2.14036, 0.117007, 0.254001, 2.13645, 2.13884, 2.1415, 0.254, 2.13538, 2.14915, 2.14602, 0.660003, 0.250009, 2.12709, 2.14021, 2.13867, 0.672108, 0.664436, 2.13563, 2.13329, 0.0540021, 2.13744, 0.665811, 0.252992, 2.12908, 2.13148, 2.139, 2.14624, 2.13317, 2.1276, 0.116996, 0.251998, 0.253996, 0.668577, 0.665046, 0.667064, 2.14552, 2.14757, 2.14926 ]
Mean: 1.29907 seconds
Standard Deviation: 0.878888 seconds

Times for grafo_3:
[ 193.091, 75.4074, 202.003, 193.922, 192.742, 191.762, 190.249, 75.2885, 202.58, 74.4949, 202.028, 190.695, 189.269, 189.044, 189.88, 189.618, 190.216, 190.426, 190.454, 190.699, 76.4632, 200.176, 193.719, 75.1181, 200.482, 193.578, 77.5838, 202.636, 74.9109, 255.315, 76.2549, 204.375, 220.313, 287.478, 204.796, 194.465, 75.3695, 69.7731, 69.6034, 69.6513, 199.724, 76.4397, 69.8526, 205.083, 198.418, 189.932, 190.474, 74.9143, 201.312, 75.583, 202.199, 192.023, 189.642, 189.882, 190.55, 191.088, 193.461, 190.948, 190.761, 191.912, 192.739, 192.397, 79.0164, 70.8375, 202.603, 74.0156, 70.9787, 204.842, 195.558, 79.1513, 70.5742, 204.185, 197.235, 76.2636, 71.2357, 203.547, 195.889, 193.033, 193.283, 192.623, 193.522, 77.9395, 202.033, 195.129, 193.799, 77.4078, 203.048, 197.965, 193.939, 77.9548, 201.768, 199.244, 193.494, 193.976, 194.131, 193.891, 77.7829, 70.5285, 70.7847, 202.81 ]
Mean: 161.013 seconds
Standard Deviation: 57.955 seconds

Times for grafo_4:
[ 171.567, 83.3586, 70.8382, 70.1321, 69.8432, 173.788, 81.9163, 70.582, 172.043, 81.9092, 170.844, 82.8987, 180.024, 83.1388, 71.8037, 71.2124, 175.998, 164.231, 163.264, 166.497, 83.3334, 174.074, 171.677, 82.5617, 173.101, 169.311, 165.849, 82.3765, 172.102, 81.4284, 174.86, 171.411, 83.1473, 71.2001, 171.001, 82.8521, 173.786, 170.129, 166.092, 167.964, 169.876, 169.702, 170.552, 168.767, 169.271, 170.068, 81.0511, 171.803, 170.143, 165.824, 169.417, 167.616, 168.753, 84.1016, 174.031, 168.933, 84.8004, 175.656, 169.333, 83.3376, 175.076, 168.323, 168.575, 169.21, 168.556, 169.293, 167.679, 165.418, 164.008, 82.2379, 71.1173, 172.105, 168.09, 170.47, 164.291, 166.509, 81.5432, 172.428, 81.9203, 172.24, 170.847, 162.664, 81.0675, 70.6606, 170.195, 170.684, 81.9716, 171.082, 170.071, 166.78, 84.7278, 175.334, 82.26, 174.856, 168.54, 169.986, 83.0274, 173.565, 173.049, 171.202 ]
Mean: 141.088 seconds
Standard Deviation: 42.5675 seconds

