Times for grafo_1:
[ 0.0010027, 0, 0, 0.00101, 0, 0.0009927, 0.0009944, 0, 0, 0.0010003, 0, 0, 0.0010013, 0, 0.0009994, 0, 0.001013, 0, 0, 0.0009971, 0, 0, 0.0009888, 0, 0, 0.0010003, 0, 0.0010109, 0, 0, 0, 0.0009965, 0, 0, 0.0010011, 0, 0.0010002, 0, 0, 0.0009986, 0, 0, 0, 0.0009996, 0, 0, 0.0010023, 0, 0, 0.0009914, 0, 0, 0.0010065, 0, 0, 0.0010011, 0, 0, 0.0009999, 0, 0, 0.0009916, 0, 0, 0.001001, 0, 0, 0.001, 0, 0, 0.0010029, 0, 0, 0.0009975, 0, 0, 0.0009994, 0, 0.0010001, 0, 0.0009998, 0, 0, 0.0009993, 0, 0, 0.0009996, 0, 0.0010097, 0, 0, 0.001, 0, 0, 0.0009905, 0, 0, 0.0010112, 0, 0 ]
Mean: 0.000360107 seconds
Standard Deviation: 0.000480155 seconds

Times for grafo_2:
[ 0.0049992, 0.0019998, 0.0050003, 0.0029998, 0.0040005, 0.0039996, 0.0010007, 0.0010006, 0.001, 0, 0.0009986, 0, 0.004001, 0.0009994, 0.0020032, 0.0009976, 0.0009997, 0.002, 0.0030004, 0, 0.0009996, 0.0040005, 0.0019996, 0.0009994, 0, 0.0010001, 0.0019996, 0.0009999, 0.0010008, 0, 0.0010002, 0, 0.0030001, 0.0010007, 0, 0.0049984, 0.0019998, 0.0020011, 0.0019999, 0.0029999, 0.0010011, 0.0009981, 0, 0, 0.0009999, 0.0020025, 0, 0.0029986, 0.002, 0.0019994, 0.0019993, 0.0010014, 0.0019998, 0.003, 0.0019993, 0.0019997, 0.0020006, 0, 0.0020007, 0, 0.001, 0.0009995, 0.0019996, 0.0010012, 0.0001502, 0.0025855, 0.0021876, 0.0021745, 0.0009998, 0.0020115, 0.0019947, 0.0030051, 0.0009971, 0.0009986, 0.0019931, 0.0020071, 0.003, 0.0009996, 0, 0.0030015, 0.0019997, 0, 0.0019997, 0.000999, 0.0010003, 0.0019926, 0.0020081, 0.0019913, 0.0020081, 0.0029939, 0.0029981, 0, 0, 0, 0.0009998, 0.0009999, 0.0009998, 0.0030012, 0.001999, 0.0020001 ]
Mean: 0.00164097 seconds
Standard Deviation: 0.00119978 seconds

Times for grafo_3:
[ 0.0161902, 0.00401, 0.0100016, 0.0089896, 0.0120075, 0.0109915, 0.0090089, 0.0039989, 0.0090005, 0.0029914, 0.0090079, 0.0119966, 0.0099957, 0.0090076, 0.0099999, 0.0090019, 0.008999, 0.0090002, 0.0089916, 0.0090114, 0.0030002, 0.0089995, 0.0079996, 0.0040009, 0.0089958, 0.0080017, 0.0039991, 0.0089992, 0.0030008, 0.0079999, 0.0039991, 0.0100021, 0.0080015, 0.0089993, 0.0099975, 0.0079998, 0.0040013, 0.0029993, 0.0039994, 0.0040001, 0.0079924, 0.0040088, 0.0039998, 0.0089988, 0.0080008, 0.0080006, 0.0089987, 0.0042374, 0.0087814, 0.0050003, 0.0089988, 0.0090834, 0.0089683, 0.0100172, 0.0079931, 0.0110513, 0.0099561, 0.009, 0.0090007, 0.008991, 0.0080009, 0.0090003, 0.0039987, 0.0040009, 0.0090749, 0.0039268, 0.0030059, 0.0093909, 0.009006, 0.0039943, 0.0040083, 0.0089943, 0.0091622, 0.0040002, 0.0040005, 0.008999, 0.0079935, 0.0090787, 0.0090004, 0.0090717, 0.0080815, 0.003993, 0.0100029, 0.0080058, 0.0099239, 0.0040013, 0.0089987, 0.0079994, 0.0099952, 0.0039988, 0.0090006, 0.0080001, 0.0090791, 0.0090025, 0.0089231, 0.0080008, 0.0049946, 0.0029998, 0.0040001, 0.0089969 ]
Mean: 0.00757983 seconds
Standard Deviation: 0.00264289 seconds

Times for grafo_4:
[ 0.0589915, 0.0160002, 0.0139998, 0.0140001, 0.0155475, 0.0487074, 0.0160001, 0.0150004, 0.0479996, 0.0160003, 0.0480057, 0.0159998, 0.0490011, 0.0159993, 0.0140026, 0.0139972, 0.0479917, 0.0500092, 0.047995, 0.0480006, 0.0159978, 0.050003, 0.0480008, 0.0159941, 0.0520033, 0.0519988, 0.0480003, 0.0170021, 0.0489976, 0.0160006, 0.0489993, 0.0555481, 0.0166635, 0.0140046, 0.0479869, 0.0160039, 0.0479961, 0.0490821, 0.0479295, 0.0489904, 0.0499985, 0.0470012, 0.0490409, 0.0480374, 0.049003, 0.0509286, 0.0159882, 0.0510015, 0.0490028, 0.0520041, 0.048994, 0.0489995, 0.0490091, 0.0169922, 0.0489989, 0.0514679, 0.0169916, 0.0480035, 0.0500004, 0.0179983, 0.0480058, 0.0480028, 0.0479915, 0.0490084, 0.0488129, 0.0480058, 0.0489944, 0.0490087, 0.0510644, 0.0180028, 0.0140106, 0.04992, 0.0519927, 0.0480002, 0.0510001, 0.0540002, 0.025, 0.0580013, 0.0199985, 0.0630028, 0.0622505, 0.0499997, 0.0170003, 0.0199981, 0.0500013, 0.0490016, 0.016008, 0.048997, 0.0489936, 0.0480058, 0.0180818, 0.0529124, 0.0180088, 0.0489925, 0.0490868, 0.0489119, 0.0179998, 0.0541629, 0.0510044, 0.0500034 ]
Mean: 0.0394116 seconds
Standard Deviation: 0.0159262 seconds

Times for grafo_5:
[ 0.0249874, 0.0250013, 0.284807, 0.119999, 0.114266, 0.281001, 0.28171, 0.104992, 0.0450083, 0.105, 0.277074, 0.274927, 0.10744, 0.281008, 0.0119996, 0.104001, 0.0439913, 0.280274, 0.106578, 0.282993, 0.27775, 0.268, 0.10842, 0.0439991, 0.278008, 0.278395, 0.276904, 0.275128, 0.28275, 0.106, 0.0439999, 0.297999, 0.0480093, 0.109032, 0.105489, 0.281599, 0.012001, 0.276438, 0.287727, 0.111628, 0.106544, 0.0445085, 0.111101, 0.280761, 0.278013, 0.289492, 0.022, 0.110419, 0.0229993, 0.280984, 0.280134, 0.284829, 0.109266, 0.28152, 0.276239, 0.271299, 0.279499, 0.282661, 0.271515, 0.105334, 0.28473, 0.27916, 0.108001, 0.105163, 0.0459827, 0.277486, 0.0450073, 0.0429918, 0.282349, 0.022, 0.282686, 0.107403, 0.281521, 0.106473, 0.279507, 0.105131, 0.278188, 0.0120851, 0.280015, 0.110017, 0.105188, 0.0454538, 0.0120045, 0.103025, 0.27818, 0.282, 0.0449979, 0.106002, 0.106997, 0.280197, 0.284003, 0.28, 0.28, 0.276213, 0.284903, 0.104, 0.106, 0.0120004, 0.281999, 0.106 ]
Mean: 0.176305 seconds
Standard Deviation: 0.105601 seconds

Times for grafo_6:
[ 0.63492, 0.638618, 0.0130016, 0.213811, 0.200296, 0.029547, 0.625402, 0.618886, 0.0306107, 0.623011, 0.198488, 0.620741, 0.188837, 0.190748, 0.0288292, 0.19887, 0.0294192, 0.196769, 0.197911, 0.0809944, 0.643886, 0.622317, 0.203123, 0.62856, 0.644415, 0.0802745, 0.629897, 0.619193, 0.631281, 0.633872, 0.634185, 0.637839, 0.030003, 0.626194, 0.196888, 0.639145, 0.638719, 0.627625, 0.0800148, 0.632426, 0.630923, 0.625109, 0.635972, 0.630442, 0.0309905, 0.621887, 0.192514, 0.63494, 0.633854, 0.632892, 0.079005, 0.0300032, 0.0801106, 0.62884, 0.201369, 0.651932, 0.6301, 0.0130016, 0.196966, 0.630833, 0.650829, 0.0310097, 0.0279887, 0.196013, 0.629768, 0.642549, 0.200779, 0.625538, 0.633511, 0.0820003, 0.0799897, 0.639468, 0.633938, 0.633286, 0.200706, 0.200036, 0.0810209, 0.622479, 0.0781786, 0.194002, 0.0826512, 0.635916, 0.202968, 0.621115, 0.0289542, 0.626, 0.078998, 0.0129975, 0.63156, 0.626712, 0.207558, 0.621213, 0.0130205, 0.638016, 0.625884, 0.634006, 0.199113, 0.205979, 0.0840544, 0.635965 ]
Mean: 0.38547 seconds
Standard Deviation: 0.2618 seconds

